model info:
{
	"clf_num" : 1,
	"cls_num" : 2,
	"loss" : "hinge",
	"model" : "ogd",
	"norm" : 0,
	"online" : 
	{
		"bias_eta" : 0,
		"dim" : 120,
		"eta" : 0.1,
		"lazy_update" : "false",
		"power_t" : 0.5,
		"t" : 30956
	}
}
model parameters:
weight[0]:
[ 0 -0.310737 -0.248572 0.0330108 0.165629 0.132452 0.0104028 -0.243693 0.202174 0.121229 -0.107381 -0.0146096 -0.002565 0 -0.131978 -0.0237358 -0.0305505 -0.0358571 -0.00609526 0.0541122 -0.0822197 -0.0833532 -0.232125 0.187352 -0.00699323 -0.0159347 -0.11997 -0.101119 -0.0191341 0.17492 -0.0330837 -0.0784416 0.188362 -0.053425 -0.00716343 -0.49569 -0.232125 -0.0822197 -0.0229279 0.604747 0.536711 -0.207718 -0.408975 -0.0594503 -0.012992 -0.0810005 0.00520892 0.103072 -0.137178 -0.188214 0.0914361 0.494179 0.315184 -0.173623 -0.150006 -0.0279039 -0.232587 -0.146628 -0.00281044 0.0214002 -0.000763915 0.290547 -0.21487 0.263435 -0.291183 -0.0677107 -0.208435 -0.0418334 -0.00651449 -0.0317335 -0.0300057 -0.118129 -0.201691 -0.0265261 -0.681046 0.452831 -0.444934 0.216717 -0.404375 -0.0755183 -0.0919013 0.124135 0.219442 0.0420454 0.00540546 -0.00167155 -0.0228199 0.0207687 0.00575739 -0.00363857 0.0176627 -0.00308869 -0.00762353 0.00225282 -0.0115155 -0.0604146 0.0199385 0.0104565 -0.0115112 0.0122739 -0.0171844 -0.0390806 -0.0163317 -0.099856 -0.00922285 0.000972427 0.00495781 -0.00777112 -0.0066685 -0.00722624 0.00588124 -0.00352295 -0.0121675 -0.000822206 0.000498377 -0.00630771 -7.61615e-005 0.00168856 -0.00272217 -0.0068544 ]
